12.34074690,45.43627020
12.33458980,45.43719080
12.31561260,45.44142850
12.32556040,45.44463330
12.32582170,45.44475940
12.32718070,45.44513470
12.32734880,45.44534350
12.32505050,45.44411020
12.32659670,45.44524950
12.33377000,45.43368510
12.32274920,45.44154520
12.32287470,45.44166140
12.33355330,45.44144040
12.33517510,45.43598830
12.32767350,45.44038580
12.32810320,45.44055620
12.32851870,45.44083830
12.30395480,45.43797580
12.32683770,45.44751050
12.32789400,45.43939520
12.32520900,45.43334690
12.33430060,45.44124560
12.32777250,45.43023050
12.34421870,45.43683650
12.32204290,45.44091640
12.32861110,45.42900070
12.31733760,45.43784500
12.30833870,45.44203860
12.32318680,45.44460950
12.34591760,45.43557090
12.32352460,45.43447670
12.32407360,45.43398560
12.33984450,45.43687630
12.33938340,45.43630790
12.33660800,45.43556230
12.33308450,45.43790950
12.34256090,45.43598430
12.34198400,45.43665970
12.34204220,45.43657850
12.34219520,45.43641380
12.34210240,45.43651560
12.34217640,45.43632260
12.34068270,45.43726240
12.34157090,45.43687010
12.34136150,45.43748360
12.34227480,45.43797100
12.34214930,45.43778170
12.34291760,45.43860110
12.34285540,45.43847570
12.34511430,45.43566110
12.34468680,45.43576730
12.34556860,45.43554420
12.34576050,45.43560930
12.34584900,45.43561170
12.34662170,45.43535910
12.34359450,45.43864880
12.34329850,45.43863120
12.34324390,45.43863790
12.34480940,45.43851660
12.32779620,45.44045580
12.32853400,45.44095000
12.32715940,45.44042400
12.32813730,45.44060210
12.33310680,45.43163840
12.32542160,45.44097370
12.34491800,45.42895820
12.32389980,45.43399720
12.33476380,45.44043100
12.32522430,45.44788320
12.33747430,45.43793100
12.30655200,45.44029360
12.33417440,45.43291590
12.32829970,45.43124400
12.32728720,45.43040120
12.35522370,45.43575580
12.32705130,45.43174350
12.31427370,45.42782050
12.33188780,45.42546820
12.32657640,45.42632100
12.32775690,45.42606440
12.32667310,45.43094040
12.32786370,45.42604150
12.33150090,45.42547810
12.32971660,45.43020570
12.32943050,45.43060600
12.33582980,45.43518920
12.32666730,45.43089750
12.32358390,45.43263610
12.33713800,45.43748890
12.33174120,45.42546400
12.33109390,45.42531950
12.32578140,45.44448660
12.34963360,45.43475620
12.32781990,45.44573610
12.33696080,45.43690500
12.32116610,45.43897920
12.34311150,45.43403840
12.31941610,45.43471900
12.32494370,45.43284620
12.32846590,45.42386580
12.31910250,45.43622070
12.32205300,45.44186610
12.33499290,45.44076870
12.32865390,45.44636270
12.32341590,45.44218200
12.32396080,45.44236610
12.32382540,45.44226850
12.33271020,45.43239100
12.33408620,45.44164760
12.32783750,45.44160570
12.32577630,45.43837650
12.32181300,45.43145560
12.32636120,45.43581360
12.34206380,45.43386770
12.34518810,45.43472360
12.33748960,45.43640140
12.33588720,45.43658860
12.34056670,45.43716430
12.33621810,45.43744370
12.33725130,45.43775220
12.34244450,45.43877700
12.33705530,45.43971480
12.33994010,45.44049260
12.34020130,45.44168400
12.34030080,45.44317060
12.31994410,45.43678750
12.31993460,45.43682010
12.31916490,45.43682750
12.31939430,45.43687560
12.31950400,45.43689870
12.31972380,45.43691240
12.31989800,45.43694230
12.32115780,45.43692290
12.32712920,45.43790880
12.32128430,45.43884400
12.32106390,45.43910190
12.32111680,45.43928470
12.32117520,45.43938700
12.32763960,45.43978390
12.32164300,45.43984580
12.33179240,45.43990450
12.32549190,45.43993210
12.32612690,45.44126360
12.32214000,45.44180390
12.32200940,45.44189720
12.32332420,45.44211820
12.32166330,45.44214370
12.32805830,45.44390720
12.33008370,45.44391630
12.32497370,45.44414110
12.32081130,45.44156840
12.33964290,45.42717890
12.33676900,45.43980530
12.33679640,45.43980790
12.34001220,45.43560100
12.33300000,45.43472730
12.33998020,45.44106250
12.33511690,45.43592400
12.33628810,45.44054030
12.34108410,45.43753780
12.33440120,45.43870260
12.33819380,45.43758090
12.33521920,45.43634600
12.33205430,45.44314750
12.33738510,45.44128090
12.33868140,45.43988060
12.33672440,45.43997470
12.33716050,45.43971960
12.33742370,45.43905730
12.33786530,45.43968200
12.33761730,45.43972760
12.33990520,45.43981680
12.33970640,45.43823120
12.32921840,45.44382700
12.33222900,45.44264170
12.32426110,45.44228880
12.34100690,45.43957740
12.33374180,45.44200330
12.33475220,45.44276480
12.33726480,45.43750910
12.31742840,45.43288070
12.31681960,45.43429520
12.30925880,45.43197810
12.30788480,45.44211740
12.33893140,45.43738820
12.34065470,45.43775670
12.34135950,45.43902120
12.34174060,45.43893350
12.33109040,45.44525260
12.34341960,45.43595250
12.31993580,45.42824220
12.32673970,45.43100590
12.33163690,45.43753830
12.33016330,45.43714030
12.35537640,45.43015780
12.35374460,45.43246050
12.33062200,45.43377770
12.33100840,45.43399580
12.33070900,45.43303530
12.32950610,45.44084200
12.33542090,45.44165970
12.32038390,45.44608130
12.32811710,45.43713790
12.32140460,45.44136890
12.32462930,45.44318110
12.32600300,45.44373640
12.33565900,45.43639020
12.34563780,45.43403630
12.34700160,45.43496800
12.32146460,45.43072530
12.32436950,45.43394990
12.33715860,45.43499760
12.34853290,45.43602870
12.33044470,45.43396040
12.32395460,45.43524720
12.32418780,45.43526540
12.32908940,45.43070350
12.32746430,45.42931720
12.32540310,45.43585930
12.32794870,45.43602990
12.32505950,45.43604240
12.32517910,45.43592050
12.32608840,45.43439590
12.32527870,45.43597460
12.32300750,45.44188430
12.33263440,45.43758460
12.33228330,45.43198670
12.33972020,45.43422930
12.33446700,45.43877150
12.32238440,45.43369950
12.35797190,45.42885480
12.35333640,45.43543040
12.33944080,45.43494780
12.33510690,45.43877250
12.33499220,45.43900520
12.33672580,45.43738870
12.33665520,45.43943890
12.34081250,45.43467340
12.33705120,45.43930210
12.33646310,45.43945210
12.33617860,45.43766900
12.33298440,45.43981960
12.33450580,45.43834600
12.33346080,45.43964970
12.33141150,45.43965620
12.33698250,45.43726590
12.33707580,45.43830840
12.33372100,45.44135880
12.33725850,45.43240500
12.32735490,45.43186380
12.32721000,45.43858350
12.32373270,45.43319610
12.33215780,45.44340120
12.32408700,45.43385710
12.32365810,45.43463200
12.32616480,45.43488450
12.35690880,45.43122760
12.35718040,45.43117170
12.34731550,45.43739610
12.34000850,45.43701450
12.33693570,45.43726100
12.32515730,45.43920980
12.32420950,45.43930850
12.35389260,45.43228720
12.33120900,45.43440300
12.33632700,45.43769710
12.32326240,45.44226040
12.33996800,45.43747620
12.33979460,45.43619260
12.35382310,45.43228470
12.33078920,45.43396000
12.33080240,45.43396980
12.32607570,45.43188910
12.32845860,45.43638920
12.34772620,45.43470550
12.34805400,45.43487970
12.33318240,45.42531900
12.33773460,45.43617370
12.32142690,45.44221480
12.32170720,45.44201470
12.32150650,45.44215800
12.32241930,45.44141120
12.32248570,45.44145200
12.32838630,45.44836950
12.32949980,45.44385960
12.33000470,45.44363590
12.33050980,45.44346820
12.33180910,45.44309680
12.33312910,45.44164760
12.32956190,45.44384070
12.33018590,45.44364150
12.33292360,45.44185700
12.33007670,45.44356950
12.33236120,45.44250330
12.32085550,45.44456510
12.31882010,45.44581160
12.31934430,45.44531920
12.32012940,45.44577010
12.31932820,45.44624650
12.31939670,45.44621410
12.32044350,45.44603390
12.32928870,45.44379920
12.32937140,45.44383880
12.32488930,45.43974300
12.34677900,45.43489980
12.31799540,45.43941780
12.33742710,45.43910160
12.33179350,45.43952220
12.32260520,45.44513240
12.33439270,45.43405990
12.34178380,45.43442140
12.33445040,45.44057940
12.32203070,45.44026520
12.32187640,45.44009500
12.32130510,45.43797690
12.32644840,45.43449570
12.34568190,45.44011130
12.34572750,45.43912310
12.32937740,45.43963830
12.33702200,45.43251270
12.34142970,45.43461500
12.33940310,45.43555730
12.32255350,45.44477530
12.35050270,45.43226300
12.35034370,45.43230290
12.33680290,45.43408180
12.33713530,45.43430670
12.33475190,45.43636040
12.33331830,45.43981550
12.33814000,45.42598570
12.33849440,45.43820660
12.33631990,45.43703200
12.33965220,45.43328270
12.33991150,45.43334660
12.34289840,45.43484280
12.34150910,45.43517500
12.34258390,45.43498500
12.34261340,45.43505150
12.34423520,45.43566540
12.34237480,45.43501460
12.33037430,45.44597760
12.33113040,45.44651280
12.32978970,45.44564460
12.32838170,45.44645860
12.32888840,45.44432770
12.32517870,45.44362960
12.32522980,45.44359580
12.32500260,45.44063930
12.33559140,45.43875760
12.34686350,45.43494380
12.35274080,45.43232950
12.32427440,45.44740850
12.33446550,45.44118390
12.33293480,45.44203620
12.32239510,45.44478050
12.32496770,45.44073920
12.32500780,45.44083230
12.32488560,45.44077350
12.32472970,45.43986480
12.32507850,45.44043380
12.32508770,45.43263020
12.32778150,45.43949170
12.32888230,45.42368450
12.33135650,45.43255910
12.32148670,45.43853550
12.32831020,45.44088140
12.33490230,45.43693880
12.32430190,45.44269930
12.33619900,45.43785790
12.33822710,45.42549380
12.33757920,45.42636230
12.33754970,45.42629450
12.33992010,45.43642090
12.32250250,45.44516680
12.32278220,45.44506520
12.32301600,45.44499240
12.32179190,45.44205270
12.32120680,45.44246760
12.32782840,45.44430710
12.32791610,45.44418920
12.32150950,45.44225270
12.32932960,45.44427130
12.32796600,45.44389070
12.33387130,45.43611510
12.32879920,45.44204270
12.32441900,45.44298170
12.32410660,45.44312830
12.33097610,45.44238620
12.32483880,45.43158090
12.33188560,45.43160950
12.32614430,45.42960930
12.33002480,45.43629610
12.33845620,45.44267450
12.34762920,45.43502020
12.35004460,45.43478800
12.32954360,45.44534490
12.33312360,45.43523730
12.32629390,45.44061750
12.33454590,45.43480950
12.32537230,45.44008700
12.32792040,45.44046000
12.32817340,45.44052780
12.32566170,45.43995190
12.32459680,45.43994900
12.32492710,45.44057070
12.32543840,45.43920310
12.32122190,45.43943570
12.32139290,45.43868470
12.32124520,45.43946000
12.32146410,45.43857260
12.32159030,45.43835140
12.32278200,45.44078140
12.32178600,45.44000600
12.32268840,45.44072420
12.32251660,45.44062030
12.33060260,45.44435230
12.31920660,45.43702390
12.31845960,45.43729680
12.32213220,45.43618700
12.32228500,45.43606050
12.32137380,45.43595920
12.32127470,45.43689370
12.31871310,45.43724410
12.31868090,45.43725020
12.32242560,45.43651110
12.31922340,45.43759600
12.31817440,45.43789420
12.32106840,45.43695490
12.32046500,45.43728630
12.31998250,45.43665690
12.32411930,45.44096890
12.32593110,45.44121480
12.33918720,45.43842190
12.32779150,45.42988960
12.33315500,45.43783190
12.32410930,45.44258460
12.33301870,45.43488370
12.34000960,45.43554600
12.32592240,45.44490840
12.32895980,45.43890650
12.33446120,45.44215040
12.32600850,45.43716370
12.32615170,45.43704370
12.32633940,45.43715490
12.32620170,45.43727390
12.33218750,45.44048740
12.33152820,45.44001630
12.32619340,45.43715100
12.32616000,45.43718220
12.33356290,45.43254430
12.32391700,45.43505450
12.33098430,45.44109520
12.32382480,45.43487860
12.32387480,45.43495750
12.32377960,45.43481390
12.32537420,45.44095090
12.32602230,45.44099830
12.32580060,45.44113310
12.32397940,45.44133700
12.32443310,45.44088700
12.32550470,45.44101440
12.32476350,45.44424780
12.32479980,45.44422770
12.32511150,45.44406760
12.32553270,45.44385460
12.32518100,45.44403170
12.32542530,45.44392160
12.32531400,45.44399040
12.32415700,45.44455230
12.32607470,45.44374280
12.32759860,45.44371360
12.32738030,45.44369030
12.32683050,45.44377210
12.32733650,45.44368550
12.32697460,45.44361560
12.32649590,45.44375670
12.32712450,45.44377610
12.32665800,45.44376250
12.32700680,45.44368050
12.32713790,45.44367890
12.32645550,45.44375460
12.32653620,45.44375880
12.32590600,45.44372630
12.32726670,45.44377850
12.32626490,45.44374200
12.32723080,45.44368000
12.32656120,45.44364570
12.32622640,45.44364340
12.32614250,45.44363750
12.32664880,45.44364470
12.32586020,45.44360440
12.32642710,45.44364630
12.32632220,45.44364680
12.32580150,45.44359480
12.32650360,45.44364600
12.32629530,45.44364660
12.32342860,45.44219110
12.32258520,45.44152160
12.32277890,45.44172320
12.32348030,45.44222290
12.32337840,45.44215600
12.32497210,45.44341810
12.32461950,45.44307160
12.32486890,45.44336180
12.32423250,45.44265870
12.32306730,45.44193360
12.32262120,45.44155920
12.32434810,45.44272610
12.32281480,45.44174560
12.32464490,45.44291750
12.32419530,45.44263680
12.32408570,45.44256960
12.32289300,45.44179760
12.32468040,45.44321260
12.32325890,45.44207190
12.32476130,45.44326070
12.32353260,45.44225020
12.32437630,45.44274230
12.32472110,45.44297300
12.32304760,45.44191790
12.32489790,45.44337770
12.32268840,45.44164460
12.32245140,45.44142990
12.33025130,45.43055340
12.34428140,45.43596640
12.32088970,45.44097130
12.32307710,45.44074570
12.34692430,45.43387250
12.32278180,45.43050420
12.32529240,45.44635510
12.34787910,45.43416910
12.31901530,45.43786240
12.33827450,45.43361710
12.34523550,45.43399180
12.33624890,45.43444010
12.34140220,45.43726080
12.34847170,45.43583490
12.32897320,45.44476100
12.33933510,45.43349970
12.33426680,45.44197270
12.33603180,45.42580530
12.35151310,45.43181990
12.35166470,45.43175640
12.35159240,45.43178680
12.35176650,45.43171220
12.35162000,45.43189510
12.35231000,45.43205440
12.33099150,45.43500570
12.33013300,45.43400980
12.33027210,45.43274020
12.33144920,45.43026910
12.31743390,45.43269030
12.35677690,45.43068600
12.33565270,45.43740250
12.33942000,45.43325080
12.32577760,45.43568660
12.33875630,45.43374990
12.33536740,45.43881940
12.32341450,45.43896170
12.33537190,45.44077530
12.32199990,45.44489550
12.32010380,45.43610750
12.33019940,45.43913150
12.34463220,45.43404530
12.34358400,45.43406600
12.34284370,45.43401760
12.34385660,45.43408470
12.33300220,45.44198490
12.33431720,45.43662410
12.33655300,45.44453630
12.33671690,45.44350580
12.31989000,45.43947130
12.31992790,45.43957180
12.32018850,45.43988180
12.32077710,45.44106750
12.32098080,45.44105050
12.32111200,45.44135330
12.32215450,45.44297360
12.35327720,45.43304710
12.32007980,45.43969060
12.32110490,45.44114010
12.32072810,45.44071580
12.32011220,45.44085230
12.35745260,45.43356900
12.32856400,45.44480650
12.33936020,45.43445580
12.33720730,45.43367550
12.33888900,45.43372000
12.32933720,45.43777980
12.33980690,45.44021930
12.34032820,45.43711910
12.32471410,45.43280460
12.32237880,45.43802910
12.33379890,45.43794330
12.32612560,45.42642970
12.33731690,45.43811150
12.32957070,45.43437360
12.33298980,45.43481880
12.33153960,45.43311240
12.33624100,45.43367390
12.33715520,45.43806880
12.33076920,45.43028780
12.33431660,45.43911730
12.32615590,45.43009820
12.33418420,45.43438360
12.33723960,45.44122020
12.33633710,45.43392790
12.33900000,45.44004380
12.32330600,45.43790900
12.35193470,45.43734330
12.32668730,45.43163690
12.35523410,45.43238700
12.32674900,45.44602160
12.33923830,45.43552620
12.33872300,45.44304880
12.34177470,45.43766150
12.33455200,45.44137200
12.33595600,45.44074600
12.33630600,45.44065000
12.33173600,45.44469500
12.33368770,45.43721450
12.32545850,45.44393560
12.33164220,45.44321440
12.33150480,45.44333060
12.33738260,45.43773060
12.32402460,45.43264290
12.32455380,45.43309430
12.32117100,45.44120510
12.32221900,45.44100710
12.32009040,45.44106170
12.33414610,45.44133500
12.30636190,45.44006340
12.33807490,45.43980400
12.35100300,45.43210910
12.35249270,45.43229740
12.35142900,45.43215400
12.34283570,45.43852280
12.34193620,45.43888790
12.34073590,45.43964330
12.33741330,45.43964640
12.33751180,45.43965770
12.34078860,45.43963070
12.33946790,45.43707190
12.35345370,45.43239400
12.35195440,45.43198810
12.34294280,45.43864800
12.34271790,45.43872110
12.34260730,45.43878050
12.34071450,45.43981270
12.34080230,45.44010110
12.33867380,45.43995240
12.33827410,45.43984290
12.33795820,45.43977140
12.33723520,45.43966950
12.33712590,45.43971800
12.33820840,45.43985270
12.34680900,45.43536640
12.34503410,45.43577900
12.34511480,45.43572880
12.33669570,45.43765660
12.33697050,45.43776050
12.33683330,45.43792060
12.33698650,45.43793790
12.33671480,45.43770330
12.33827640,45.43746250
12.33838850,45.43743020
12.33864970,45.43561300
12.34732300,45.43380470
12.34748770,45.43446180
12.34697990,45.43458160
12.33693280,45.43770330
12.33678100,45.43747270
12.33688590,45.43763240
12.33686650,45.43760310
12.33872950,45.43734060
12.33912180,45.43731420
12.33992750,45.43667660
12.33949860,45.43638500
12.33935610,45.43537320
12.33931260,45.43538600
12.34022770,45.43521380
12.34033560,45.43521090
12.34135350,45.43514170
12.34186250,45.43493870
12.34259950,45.43483350
12.33892520,45.43604620
12.33883530,45.43599490
12.33658260,45.43477170
12.33459620,45.43347310
12.33927840,45.43725890
12.32305790,45.44179280
12.33414180,45.44154110
12.33360380,45.44153600
12.32384070,45.43736490
12.33727400,45.43332480
12.34759100,45.43417160
12.34031820,45.43534880
12.33143570,45.43758000
12.32403080,45.44241340
12.32844270,45.43655430
12.33125140,45.43728920
12.33955700,45.43642350
12.33347030,45.43380760
12.32963300,45.43194930
12.33319140,45.43486940
12.33418420,45.43517470
12.33506740,45.43621830
12.33553410,45.43642550
12.33594360,45.43667000
12.32345120,45.44208890
12.33459480,45.43901080
12.33275400,45.43455610
12.32720330,45.43600520
12.32966100,45.43696460
12.33523480,45.43593980
12.33349790,45.43927640
12.33223970,45.43893040
12.32867550,45.43881850
12.32517910,45.44026750
12.32332780,45.44048780
12.32509770,45.44325680
12.33537170,45.44300140
12.33881810,45.44381050
12.34121240,45.44265220
12.34030740,45.42744320
12.33891950,45.42690500
12.33692220,45.42613470
12.33630870,45.42592880
12.33576040,45.42571600
12.32644480,45.42635910
12.32571360,45.42652810
12.32513620,45.42665730
12.32621290,45.42459160
12.32722720,45.42617760
12.32478620,45.42673850
12.32589770,45.44503160
12.32550240,45.44629480
12.32740720,45.44582540
12.32552270,45.44450730
12.33509430,45.43785070
12.32384420,45.43928060
12.32442920,45.43272390
12.32523070,45.43290180
12.32625610,45.43173450
12.32188380,45.43789940
12.32888190,45.43120990
12.33272110,45.43468080
12.33536750,45.43574870
12.33514750,45.43585920
12.32127920,45.43754900
12.32065030,45.43202240
12.33240240,45.43486660
12.33355910,45.43497360
12.33508600,45.43566740
12.33523120,45.43569230
12.33549100,45.43583840
12.32427450,45.43276340
12.32798520,45.43153750
12.32404070,45.44425510
12.32767340,45.44339400
12.32339020,45.43426050
12.33318470,45.43493900
12.32897700,45.44455850
12.34272600,45.43608740
12.35318760,45.43217780
12.35395610,45.43269120
12.33971670,45.43687190
12.34030760,45.43714950
12.32914840,45.44069260
12.33229080,45.43343920
12.34179590,45.43465010
12.33685670,45.43534090
12.33894950,45.43684180
12.31729110,45.43642060
12.33383990,45.43440550
12.31720870,45.43864350
12.33471750,45.44120460
12.32971530,45.44473440
12.33457250,45.43529040
12.33524540,45.43214330
12.32038980,45.43457550
12.32601880,45.42965010
12.33598690,45.44080350
12.33292100,45.43524480
12.34404060,45.43564890
12.34171440,45.43515140
12.32007580,45.43618050
12.32344930,45.43435420
12.31960060,45.43651490
12.32422880,45.43355340
12.33225260,45.44236470
12.32931620,45.43067730
12.33148050,45.44277800
12.33702050,45.43779210
12.32437500,45.43306640
12.33388390,45.43393730
12.33410710,45.43363360
12.33284610,45.43869950
12.32847730,45.43067740
12.32418930,45.44254110
12.33877980,45.43595090
12.30787590,45.44207400
12.32826110,45.43615360
12.32390460,45.43385270
12.33775390,45.43643650
12.33288900,45.43965280
12.33500430,45.43875800
12.33681080,45.44019040
12.33506280,45.43492630
12.33356590,45.43554600
12.33094850,45.43316670
12.33343670,45.43553760
12.32799690,45.43720070
12.32723670,45.43191670
12.34514810,45.43460890
12.34171040,45.43436980
12.33403740,45.43796510
12.33754980,45.43592900
12.35058130,45.43347670
12.32727550,45.43597900
12.33521470,45.43692120
12.33508210,45.43704960
12.32728280,45.43730600
12.33304730,45.44406720
12.33532060,45.43797520
12.33648020,45.43717480
12.33581850,45.43722090
12.33552220,45.43727660
12.33566780,45.43728530
12.33449400,45.43751640
12.33650000,45.43706280
12.33206440,45.44458820
12.33161830,45.44120420
12.33845010,45.43453450
12.33805960,45.43436820
12.33783240,45.43523170
12.33701110,45.43676970
12.33467840,45.43471490
12.31917340,45.43827280
12.31911540,45.43825210
12.31556120,45.44068670
12.31559790,45.44101890
12.34063820,45.44104090
12.32939730,45.43816470
12.31915500,45.43211210
12.33331490,45.43313230
12.33906010,45.43833760
12.32453020,45.43283810
12.32982050,45.43034900
12.31904130,45.43825330
12.31896330,45.43827380
12.31889110,45.43827870
12.31915530,45.43762090
12.31886030,45.43822120
12.32740290,45.43777780
12.32739360,45.43614220
12.31873040,45.43613010
12.34209420,45.43494880
12.32200370,45.43065470
12.33341900,45.43915500
12.32727860,45.44375420
12.32950110,45.44389380
12.32912420,45.44376630
12.32362230,45.43378390
12.32281950,45.44144210
12.34506960,45.43570310
12.34274340,45.43489500
12.34140870,45.43437690
12.34282290,45.43562120
12.34168590,45.43505640
12.34353380,45.43558670
12.34179830,45.43466900
12.34120110,45.43435540
12.34255920,45.43436260
12.34226630,45.43466710
12.34179820,45.43427170
12.34292910,45.43458080
12.34158400,45.43498920
12.34305650,45.43403590
12.34271290,45.43399480
12.34327820,45.43404650
12.34271470,45.43531660
12.34146990,45.43465470
12.34330880,45.43554140
12.34183140,45.43452470
12.34140630,45.43445870
12.34144500,45.43446910
12.32795080,45.43707540
12.33352970,45.43818650
12.34412900,45.43575000
12.34403970,45.43784780
12.34346720,45.43602200
12.34292190,45.43737520
12.34427560,45.43583460
12.34540900,45.43919060
12.34417030,45.43830270
12.34467800,45.43850050
12.34479470,45.43848510
12.34534740,45.43840630
12.34514880,45.43847100
12.34390570,45.43562600
12.34235070,45.43879450
12.34253830,45.43875950
12.34279080,45.43870530
12.34356600,45.43857890
12.34448740,45.43855930
12.34427830,45.43857640
12.34352220,45.43865530
12.34171200,45.43848400
12.34297700,45.43871950
12.34090590,45.43896320
12.34106740,45.43868200
12.34164110,45.43848790
12.34169490,45.43860500
12.34145070,45.44212140
12.34080180,45.44288390
12.33017110,45.44092670
12.34033330,45.44262250
12.34048530,45.44306410
12.33959540,45.44276140
12.33981970,45.44235730
12.34012250,45.44120670
12.33975800,45.44090050
12.33966790,45.44012150
12.33895870,45.44056420
12.34006820,45.44206910
12.34669910,45.43611810
12.33689390,45.43896590
12.33671700,45.43990460
12.33711490,45.43887160
12.33740700,45.43799110
12.33427440,45.43289760
12.33413490,45.43408890
12.33564560,45.43593580
12.32905360,45.44387300
12.31996130,45.43334270
12.33634730,45.43802760
12.33604310,45.43771930
12.33657200,45.43781580
12.33655280,45.43777120
12.33597080,45.43799130
12.33661520,45.43721890
12.33668450,45.43731090
12.32559000,45.43687230
12.33277810,45.44230410
12.32988120,45.44069310
12.33725730,45.43718500
12.33718690,45.43720590
12.33755380,45.43621240
12.33748610,45.43624900
12.33829270,45.43552660
12.33827290,45.43561080
12.33692060,45.43618330
12.34045060,45.43545910
12.33900640,45.43586710
12.33943130,45.43522170
12.33935740,45.43514120
12.33930310,45.43544130
12.33931970,45.43539020
12.33898740,45.43528380
12.33934690,45.43519630
12.33941710,45.43515930
12.33998170,45.43560340
12.33965390,45.43526590
12.33982660,45.43526700
12.32990310,45.43439490
12.33563100,45.43873980
12.32346880,45.43889150
12.33503270,45.43896230
12.33658760,45.44105500
12.33403940,45.43888740
12.33402440,45.43899350
12.35548780,45.43244670
12.33053260,45.43380900
12.33309050,45.44404920
12.32384020,45.43497120
12.33193450,45.42541990
12.33430520,45.43894080
12.32845430,45.44555180
12.32260210,45.43367380
12.32374800,45.44674510
12.33755240,45.43415070
12.33969950,45.43507520
12.34188070,45.43513740
12.33761520,45.43501130
12.33332420,45.43735910
12.35097250,45.43224640
12.32356270,45.43800130
12.32875030,45.44547640
12.33779650,45.44197320
12.34021110,45.43672170
12.33071490,45.43043100
12.33389470,45.43943570
12.33109230,45.43503810
12.34024550,45.43669480
12.33202700,45.43271610
12.32167770,45.44497400
12.32723030,45.43738690
12.33181180,45.44110550
12.34188090,45.43556860
12.34654730,45.43538030
12.32897810,45.44481860
12.35334240,45.43237210
12.34596710,45.43563200
12.33523450,45.44065350
12.33594080,45.44048420
12.33027400,45.43980660
12.34021210,45.43706890
12.34359410,45.43573390
12.32627080,45.44610840
12.33608910,45.44076830
12.33738960,45.43480310
12.34240040,45.43619370
12.33398300,45.43849120
12.32279620,45.44242910
12.32312160,45.43647940
12.34205900,45.43777780
12.33273140,45.44423940
12.33204050,45.44282530
12.33317840,45.44023120
12.33024760,45.43539410
12.33263480,45.43826440
12.32507290,45.44183100
12.32819880,45.44247980
12.32513170,45.43577760
12.31353250,45.43299990
12.32478260,45.43289900
12.32431980,45.44409980
12.32493830,45.43970480
12.33644280,45.43376890
12.33289640,45.43071860
12.33280920,45.43066800
12.32843650,45.43061360
12.33220970,45.43780130
12.33047430,45.43729010
12.32847530,45.43854960
12.33500740,45.43698030
12.33472990,45.44088430
12.33522850,45.43889880
12.32399000,45.43624120
12.33888600,45.43705150
12.33892560,45.43682330
12.33858720,45.43656870
12.34147910,45.43978950
12.35124540,45.43193170
12.33667820,45.43999150
12.33333680,45.44480040
12.32876850,45.43627150
12.33852790,45.43818150
12.33578630,45.44423070
12.33416020,45.44429680
12.33706360,45.43787120
12.33226190,45.43793290
12.34996120,45.43797340
12.33925480,45.44302130
12.33682380,45.44024530
12.32712180,45.44505940
12.32698520,45.44506220
12.34575880,45.43675840
12.34491290,45.43845510
12.34880440,45.44753060
12.34761690,45.43637370
12.33361690,45.43095490
12.32546680,45.42978150
12.32872570,45.42905370
12.33468500,45.42942180
12.32427840,45.43478950
12.32323960,45.43412700
12.33663850,45.43794900
12.33046130,45.43384310
12.31812880,45.44454480
12.33945690,45.43817920
12.34644410,45.43447760
12.33501950,45.44069930
12.33135140,45.43732360
12.33710520,45.43501360
12.34060740,45.43585650
12.34039190,45.43585010
12.32041830,45.44072510
12.31980910,45.43970700
12.33249280,45.44295060
12.33289130,45.44304910
12.35738470,45.43085100
12.35066690,45.43324860
12.33426910,45.43346190
12.35377690,45.43245880
12.33221450,45.43274560
12.32384760,45.43612580
12.33876580,45.44313510
12.33213120,45.44536900
12.33556650,45.44048590
12.33426480,45.43848650
12.33569530,45.44058990
12.33707000,45.44037030
12.34048910,45.43677940
12.32319980,45.43657550
12.33715750,45.43649490
12.33069700,45.43921480
12.32670440,45.43665450
12.34736420,45.43518980
12.33126990,45.44588490
12.32980250,45.44114650
12.34734650,45.43730420
12.33410710,45.43826460
12.33840590,45.43773580
12.34072860,45.43493790
12.33971540,45.43654160
12.34150280,45.43479670
12.32348130,45.43440630
12.32420580,45.43373280
12.33484540,45.43909140
12.33548390,45.43807780
12.32764670,45.44626840
12.32961810,45.44044950
12.35013390,45.43243260
12.34174870,45.43444720
12.34297150,45.43865700
12.35243300,45.43206650
12.32906480,45.44289370
12.33748060,45.43416920
12.33377390,45.43889240
12.33529120,45.43892290
12.33547080,45.43899790
12.33201200,45.43818330
12.32987630,45.43805230
12.34777180,45.43427370
12.33367970,45.43247260
12.33289930,45.43414110
12.33667840,45.43483330
12.33225550,45.43457070
12.31634240,45.43896180
12.32571540,45.42536470
12.36045840,45.42691190
12.33710490,45.43446870
12.33707270,45.43972220
12.32316620,45.43922900
12.32587130,45.43890000
12.34731950,45.43685730
12.32257790,45.43357320
12.32913740,45.43400550
12.33184090,45.43816610
12.33649060,45.44066840
12.32749630,45.44580710
12.32851830,45.43679890
12.33561210,45.43631090
12.33446000,45.43264870
12.32427620,45.43269850
12.32936900,45.43610960
12.32532810,45.43214260
12.33400510,45.43842760
12.33424610,45.43835640
12.35435960,45.43230890
12.35545910,45.43238280
12.33849640,45.43576300
12.35429120,45.43777540
12.33575700,45.43617310
12.34525290,45.43403260
12.31774420,45.43794980
12.34248020,45.43606350
12.33710470,45.43709750
12.32732560,45.43725210
12.31293050,45.44003980
12.31282470,45.43996200
12.32492240,45.43545170
12.32112440,45.44174300
12.32101920,45.44180390
12.35253160,45.43207310
12.33525390,45.43661880
12.31822260,45.43891060
12.32456740,45.43610520
12.32636570,45.43172290
12.32843120,45.44388020
12.33755460,45.43462800
12.33113080,45.43722210
12.33118550,45.44341210
12.33493500,45.43609390
12.33510030,45.43610340
12.32389820,45.43262720
12.32843410,45.43628340
12.32881610,45.44545760
12.32825670,45.44396790
12.33896690,45.43470690
12.33902360,45.43473080
12.32104870,45.44047340
12.33825420,45.43279600
12.33727050,45.43293430
12.35610120,45.43565940
12.34953200,45.43518640
12.32512830,45.43565400
12.32078990,45.43812800
12.32935640,45.43190820
12.33700070,45.43094000
12.33154690,45.43091640
12.33152860,45.43065280
12.33170290,45.43056130
12.33154060,45.43080250
12.35486060,45.43199970
12.34510230,45.43817120
12.34103490,45.43645750
12.34193490,45.43599260
12.32331750,45.44456090
12.34022760,45.43749430
12.34028940,45.43744100
12.33786960,45.43599200
12.33651920,45.43995950
12.33716210,45.44004480
12.33029810,45.44350230
12.32585570,45.44848400
12.32779580,45.44756370
12.32498520,45.44557120
12.32996610,45.44380630
12.32992580,45.44364150
12.34644490,45.43584360
12.34805090,45.43362040
12.34764080,45.43375080
12.34750160,45.43377650
12.34863260,45.43337490
12.34779750,45.43370240
12.32904770,45.44325910
12.32678290,45.44559110
12.32677880,45.44559140
12.32770090,45.44520420
12.33239510,45.44525820
12.33239440,45.44525840
12.33239460,45.44525790
12.33569250,45.43647330
12.32734920,45.43725750
12.35540320,45.43079400
12.33444020,45.43669850
12.33725260,45.43769460
12.32604690,45.42992450
12.33497300,45.44253400
12.34089970,45.43502970
12.32714630,45.43605350
12.33042050,45.44096120
12.31305450,45.43158570
12.31565860,45.43267060
12.31840820,45.43898720
12.31861990,45.43880100
12.32685450,45.44366430
12.34639060,45.43526900
12.32383750,45.43859940
12.32915160,45.42883820
12.33048800,45.42863250
12.34161940,45.43821580
12.34516890,45.43842310
12.33823240,45.43751720
12.32761200,45.42609890
12.32505750,45.42667190
12.35558340,45.43257460
12.33055340,45.44717810
12.33322000,45.43369520
12.34395370,45.43854370
12.33246050,45.44587630
12.34035930,45.43713200
12.33462090,45.43615670
12.32331270,45.43905690
12.32644510,45.43640560
12.32268230,45.43785060
12.31486410,45.43195070
12.33955720,45.43946310
12.33359260,45.43875750
12.34740400,45.43688600
12.34736250,45.43688810
12.32132390,45.42579210
12.32171260,45.42609620
12.32657740,45.42415400
12.34185240,45.43468010
12.32306900,45.42714380
12.33839850,45.43846900
12.33091270,45.43921260
12.33666400,45.43418170
12.32325530,45.43787690
12.33283860,45.43961000
12.33003030,45.43947040
12.33344370,45.43234940
12.33349880,45.43166230
12.32090930,45.43498960
12.32770250,45.42925810
12.32939480,45.44534480
12.32801130,45.44116900
12.32915370,45.44016600
12.32756100,45.42911110
12.33501710,45.43388260
12.33276600,45.43000370
12.32882310,45.43141910
12.33267370,45.43943810
12.33443620,45.43892030
12.32034060,45.43792500
12.33707460,45.43913500
12.33526870,45.43550160
12.36160010,45.42883730
12.32929230,45.43268700
12.33567950,45.44064930
12.32769850,45.44573910
12.32671770,45.43637330
12.32535010,45.44430030
12.32323530,45.43655550
12.32316850,45.43644120
12.33351970,45.43483540
12.33799120,45.43786140
12.33441670,45.43874470
12.33979480,45.43988880
12.34095170,45.43959220
12.33168740,45.44318390
12.32126210,45.44553600
12.32133100,45.44551560
12.33236760,45.43272280
12.32868020,45.44433540
12.32883580,45.44421120
12.32862200,45.42588000
12.31884150,45.43813370
12.31906760,45.43764480
12.31897360,45.43766940
12.31890450,45.43769870
12.31879170,45.43771440
12.31872810,45.43774610
12.31866460,45.43777640
12.32629070,45.43582440
12.32617330,45.43566350
12.32626530,45.42640150
12.32675480,45.42627590
12.32587240,45.42648360
12.32550450,45.42657910
12.32445670,45.42680500
12.32076130,45.43262760
12.32890150,45.44543880
12.34530030,45.43856100
12.33627350,45.43787450
12.33522630,45.43508690
12.33608570,45.43463540
12.33577680,45.43511870
12.33571110,45.43519430
12.33569490,45.43566490
12.33544620,45.43589810
12.33498830,45.43617210
12.33489300,45.43582800
12.33460480,45.43574970
12.33095010,45.43404720
12.33021660,45.43253090
12.33075140,45.43315130
12.33097950,45.43302920
12.33106720,45.43307630
12.33642650,45.43696740
12.33892160,45.43842010
12.34418960,45.43697280
12.33689900,45.43379240
12.33715850,45.43347180
12.33693890,45.43336540
12.33706180,45.43340300
12.33708990,45.43333900
12.33701620,45.43332020
12.33695720,45.43330230
12.33690220,45.43329010
12.33679090,45.43324780
12.33681770,45.43334470
12.33672920,45.43333530
12.33665270,45.43332210
12.33669560,45.43325720
12.33655080,45.43333720
12.33638450,45.43331650
12.33640730,45.43324120
12.33623700,45.43329860
12.33612970,45.43328730
12.33598080,45.43326850
12.33583870,45.43324870
12.33569120,45.43322990
12.33526330,45.43293910
12.33513330,45.43292590
12.33524190,45.43306520
12.33514670,45.43304920
12.33503400,45.43303690
12.33484220,45.43287320
12.33455930,45.43294940
12.33450290,45.43282140
12.33440100,45.43281110
12.33427900,45.43279230
12.33548900,45.43582000
12.33557160,45.43196680
12.34269420,45.43778050
12.33384720,45.43946710
12.33442730,45.43909930
12.33429150,45.43907170
12.33436490,45.43905100
12.33704650,45.43890520
12.34395100,45.43409400
12.34058640,45.43721870
12.34019820,45.43668290
12.33916760,45.43381820
12.33832530,45.43599970
12.33839790,45.43586740
12.33914570,45.43385320
12.33864210,45.43557050
12.35020680,45.43232210
12.35092520,45.43210190
12.34682070,45.43386040
12.34675030,45.43386220
12.34653730,45.43388110
12.35057550,45.43223060
12.35131330,45.43213730
12.34455190,45.43406270
12.33886720,45.43470120
12.34517540,45.43402740
12.33706790,45.43667960
12.33707630,45.43677000
12.33641750,45.43697990
12.33700200,45.43854120
12.33700460,45.43940540
12.33665350,45.43740130
12.33756940,45.43971210
12.34175600,45.43851770
12.33793490,45.43762910
12.33802960,45.43974500
12.33816190,45.43753120
12.33707940,45.43908430
12.33710430,45.43940450
12.33728410,45.43961350
12.33843380,45.43996120
12.33705060,45.43880580
12.33433520,45.44108760
12.32327660,45.44198920
12.32839890,45.44402550
12.33876180,45.43743480
12.33832940,45.43744880
12.33963930,45.43650290
12.33034370,45.44521470
12.32129200,45.43885800
12.33755360,45.44098500
12.33618220,45.43427990
12.35314110,45.43236150
12.35260970,45.43230680
12.34759940,45.43398040
12.34729890,45.43465490
12.34692690,45.43515310
12.34634330,45.43401210
12.34639200,45.43422290
12.32927100,45.44404070
12.32662780,45.44514220
12.33396660,45.44124950
12.31956320,45.44071560
12.31963580,45.44077240
12.31967360,45.44079900
12.31974270,45.44085960
12.31977000,45.44088660
12.32005570,45.44103640
12.32020880,45.44112520
12.32024460,45.44114910
12.32030300,45.44120250
12.32037130,45.44125300
12.32045920,45.44131610
12.32051850,45.44136660
12.32063130,45.44142790
12.32070030,45.44147620
12.32095090,45.44168490
12.32092410,45.44166010
12.32083110,45.44158930
12.32049980,45.44135570
12.32863010,45.42554280
12.36267480,45.42637470
12.33760500,45.44136350
12.34194200,45.43672900
12.33236000,45.44264700
12.32681910,45.42942630
12.33746480,45.43888750
12.33840990,45.43806950
12.34100160,45.44261240
12.32591610,45.43196210
12.33083840,45.43947530
12.32610790,45.43554110
12.33384620,45.43828560
12.33390140,45.43832790
12.33028530,45.43344660
12.32349830,45.43467780
12.33165710,45.43421430
12.32310130,45.44085660
12.33699550,45.43729080
12.33644840,45.43947010
12.34235060,45.43566270
12.33406940,45.44559440
12.35564060,45.42975200
12.35083260,45.43210100
12.32666350,45.43661440
12.32659410,45.43653880
12.33584830,45.43608350
12.33261900,45.44429480
12.32134810,45.43774600
12.32995130,45.43700980
12.32426070,45.43343410
12.33791040,45.43527270
12.33869640,45.43679490
12.33917220,45.43609910
12.32927850,45.43870310
12.32273660,45.43664070
12.32739980,45.43585960
12.34091400,45.43503700
12.32239980,45.43463690
12.36184110,45.42635820
12.34119260,45.43606900
12.32651960,45.43586970
12.32581080,45.43435800
12.32927530,45.44358160
12.32475390,45.43295500
12.33109030,45.43965290
12.32298370,45.43635560
12.32868910,45.43095770
12.33307920,45.43464580
12.33115010,45.43730480
12.33427490,45.43345610
12.31941010,45.42826060
12.33730570,45.43480410
12.32922670,45.43880660
12.33172620,45.43953290
12.31968800,45.43964250
12.33531220,45.43844670
12.33401230,45.44137280
12.32507300,45.43558110
12.34755170,45.43452320
12.33280220,45.43934570
12.32990570,45.43925140
12.32831410,45.43697720
12.33642640,45.43560720
12.32859360,45.43670340
12.32774410,45.43697300
12.32857180,45.43663330
12.33049420,45.42555010
12.32360800,45.43258340
12.33420610,45.43909980
12.32532300,45.43588360
12.33757180,45.44121340
12.33697980,45.43777810
12.32128780,45.43217270
12.33830920,45.43877510
12.33225940,45.44314710
12.32309220,45.43079090
12.33591360,45.43806410
12.33541880,45.44311440
12.32546740,45.43602570
12.33742480,45.43476570
12.33647150,45.43942980
12.33189990,45.43268860
12.34743060,45.43681120
12.34651140,45.43736990
12.34594120,45.43987250
12.34733120,45.43726550
12.35519970,45.43254230
12.34785480,45.43691740
12.32724410,45.43735560
12.34714890,45.43736300
12.33442120,45.44043720
12.33078520,45.44353030
12.32634230,45.43880660
12.32705360,45.43673420
12.33564240,45.43863490
12.33610380,45.44071720
12.33500970,45.43338470
12.32674700,45.43603600
12.33666490,45.44013270
12.33795160,45.44057510
12.31729070,45.43262080
12.31791190,45.43368300
12.32011640,45.43614180
12.33464080,45.43531430
12.33395690,45.44156260
12.34635720,45.43451450
12.33567700,45.43606470
12.32913000,45.43619570
12.32377020,45.43630260
12.32307780,45.44182520
12.32649780,45.43116470
12.33722040,45.43976010
12.32958410,45.44057200
12.33362340,45.43998490
12.34175520,45.43450950
12.33428090,45.43980280
12.30927890,45.44194280
12.32561620,45.44184000
12.33272140,45.43953320
12.32269670,45.44166130
12.33490870,45.43837970
12.33109290,45.43867190
12.33130520,45.43990030
12.32867150,45.44428960
12.32654480,45.42634680
12.33414540,45.43880280
12.33616490,45.43570300
12.33796250,45.42593020
12.36087830,45.42738630
12.32414200,45.43584250
12.33227710,45.43953440
12.32438360,45.43387290
12.34294710,45.43449430
12.33604780,45.44042010
12.34091840,45.44280400
12.32456750,45.43275860
12.33657680,45.43799030
12.33364650,45.43839070
12.32430240,45.43861160
12.33793790,45.43975780
12.33406080,45.43993440
12.32854270,45.44371730
12.33234740,45.43953250
12.34168270,45.43767060
12.32137060,45.43724110
12.31552800,45.42741760
12.32960870,45.44473560
12.32060060,45.44598210
12.31343610,45.43592200
12.32384770,45.44341550
12.36130430,45.42789340
12.32989270,45.43757200
12.32762970,45.43584220
12.32592590,45.43062300
12.32256190,45.44457270
12.32206570,45.44425060
12.34922250,45.44984050
12.31730570,45.43283510
12.31623280,45.43825980
12.35809290,45.43540570
12.31395350,45.42694780
12.31696990,45.42720410
12.32531910,45.42552390
12.32568220,45.42582860
12.32317420,45.42579310
12.32600900,45.43078680
12.32563630,45.43671660
12.32618150,45.43648770
12.32849030,45.43970840
12.32611380,45.43048070
12.32728050,45.42954110
12.34464550,45.42971280
12.32294420,45.43228030
12.33031910,45.44095840
12.33508020,45.43934790
12.33017960,45.43987000
12.33124270,45.43816350
12.33293380,45.44033540
12.33330210,45.43714470
12.32853320,45.43485510
12.32803670,45.43636290
12.32758610,45.44209220
12.32640130,45.44194550
12.32711000,45.44157650
12.32092070,45.43780290
12.32698430,45.43281210
12.33546050,45.43207130
12.33653870,45.43224950
12.33812970,45.43896150
12.33653720,45.43668620
12.33395810,45.43066660
12.34471620,45.42937030
12.33547590,45.43850980
12.33378200,45.43575830
12.33226770,45.44183870
12.35986340,45.43454180
12.36565870,45.42707270
12.33630480,45.44018110
12.33924130,45.43950290
12.33983620,45.43455520
12.33279590,45.43259410
12.33646050,45.43754440
12.34043170,45.43993460
12.34698810,45.43435020
12.33505890,45.44103540
12.36499850,45.42593210
12.34274570,45.43786730
12.33450250,45.44068260
12.33481100,45.44048000
12.34289810,45.43891870
12.33260920,45.43796550
12.33583650,45.43287610
12.33334600,45.44179400
12.33472260,45.43056670
12.33520680,45.44394620
12.34482680,45.43542820
12.33674240,45.44051100
12.35654920,45.42897570
12.33863630,45.43580810
12.33602790,45.43244700
12.34263970,45.44118550
12.34151510,45.43978820
12.33418820,45.43532000
12.33685500,45.43775870
12.35020220,45.43273010
12.34027620,45.43701010
12.35099550,45.43279010
12.33426720,45.43387480
12.33862930,45.44011660
12.35027620,45.43250390
12.33857400,45.43756220
12.34086100,45.43405960
12.34495030,45.43418990
12.33830360,45.43693220
12.33341740,45.43744170
12.34899370,45.43458510
12.34113760,45.42646410
12.34032780,45.43421160
12.33914180,45.44333130
12.35741750,45.43057930
12.33274800,45.43581780
12.33614950,45.43309380
12.33937790,45.43480280
12.33725480,45.43915610
12.34100160,45.43703330
12.34802330,45.43821910
12.34328680,45.42935500
12.31990850,45.44163810
12.32423460,45.44670150
12.32577680,45.44751700
12.32675550,45.44782460
12.32241590,45.44031380
12.32287510,45.43171540
12.33047110,45.44552770
12.31948310,45.42769780
12.31553120,45.43280810
12.31963270,45.43730130
12.31624740,45.43314610
12.32451940,45.44069200
12.32609590,45.43814310
12.32830610,45.43361390
12.32419060,45.43511290
12.32204410,45.43757070
12.32636290,45.43687220
12.31593900,45.43254050
12.32586130,45.43033650
12.33214170,45.43971040
12.32528580,45.44604810
12.31675070,45.43907740
12.32989270,45.44100010
12.32964710,45.43716080
12.32474390,45.43572260
12.31420390,45.42583060
12.33220690,45.44293440
12.31706570,45.43185920
12.31748680,45.43186420
12.32569460,45.42403680
12.32777370,45.43592930
12.31571190,45.42731490
12.33112070,45.43363410
12.32915810,45.44738680
12.33112450,45.44298370
12.32952280,45.43242430
12.32817660,45.42978690
12.32674080,45.42426590
12.32989870,45.43087440
12.32005060,45.43199000
12.31900550,45.43244610
12.32041400,45.44496890
12.32530230,45.43652740
12.32060940,45.42760630
12.32336100,45.43127650
12.31504990,45.43225310
12.32194570,45.44147710
12.32545800,45.43307500
12.32693110,45.44338650
12.32743300,45.44012390
12.32866770,45.44291890
12.32531780,45.44264130
12.32522990,45.43694920
12.32051680,45.43380740
12.33067550,45.44131870
12.32228860,45.43338290
12.33098350,45.43833560
12.33450200,45.43023750
12.36399680,45.42778060
12.34703570,45.44910020
12.33264120,45.44651710
12.36490210,45.44890650
12.33907850,45.43985330
12.33625120,45.43989970
12.33926530,45.43902180
12.33887870,45.44020080
12.33680090,45.43974620
12.33713750,45.43965790
12.33563090,45.44012410
12.33669160,45.43907720
12.33675410,45.43939620
12.33771530,45.43859800
12.33749480,45.43866340
12.33748440,45.43895410
12.33771260,45.43909430
12.33788400,45.43878950
12.34220240,45.43925370
12.33907030,45.44098820
12.33999640,45.44083110
12.33937690,45.44169360
12.33958530,45.44139070
12.33238480,45.42495430
12.34051460,45.44145750
12.33776750,45.44051210
12.33777920,45.44116440
12.33873000,45.44136460
12.33853410,45.44188660
12.33697610,45.44191400
12.33660870,45.44146230
12.33931340,45.43844790
12.33915280,45.43874280
12.33902610,45.43857580
12.34045100,45.43877580
12.34054820,45.43903980
12.33847430,45.43832750
12.33944780,45.43775130
12.34114760,45.44090230
12.34145530,45.44075510
12.34138530,45.44095590
12.33956420,45.44204530
12.34000250,45.44193880
12.33981240,45.44186940
12.33931670,45.44231280
12.33999670,45.44233070
12.34360260,45.43473590
12.33391250,45.44088370
12.33678680,45.44244810
12.33579470,45.44275420
12.33548430,45.44158970
12.33479290,45.44264460
12.33313460,45.44179080
12.33413320,45.44275280
12.33339770,45.44228780
12.33645580,45.43795520
12.33237420,45.43564790
12.31176150,45.43305370
12.33611030,45.43755140
12.33645960,45.43774380
12.33748960,45.43753240
12.33751880,45.43807590
12.31548270,45.42880140
12.31409600,45.42678650
12.31590430,45.43271170
12.33688370,45.43708980
12.33734370,45.43615700
12.33834370,45.43759850
12.33778820,45.43699010
12.33803310,45.43672650
12.33841650,45.43672450
12.33895870,45.43711150
12.33950700,45.43679130
12.34026520,45.43629640
12.34346600,45.44036130
12.34068380,45.43707270
12.32793990,45.43376980
12.32837310,45.43397820
12.34161750,45.43784830
12.34228830,45.43789650
12.34207050,45.43739180
12.34181530,45.43748900
12.34162090,45.43751010
12.34126990,45.43774240
12.34157320,45.43883300
12.35566830,45.43062400
12.32201200,45.43375160
12.32500510,45.43303960
12.32573120,45.43424070
12.32080190,45.43116440
12.32370010,45.43161910
12.32371280,45.43231830
12.31581430,45.43223870
12.31566020,45.43256960
12.31678210,45.43275840
12.32035830,45.43731500
12.31597530,45.43551180
12.31799050,45.43665970
12.33234140,45.43782220
12.33198410,45.43960410
12.32857490,45.43755030
12.32630880,45.43772200
12.31877260,45.43794910
12.32072410,45.43846360
12.32212210,45.43624960
12.32448420,45.43541940
12.32197480,45.43583610
12.32408810,45.43530510
12.31708570,45.43268280
12.31902770,45.43217690
12.32014410,45.43206230
12.31942290,45.43242560
12.31981530,45.43223850
12.31958700,45.43211750
12.32413080,45.43359750
12.33149050,45.42953280
12.32334280,45.43111970
12.32565040,45.42997310
12.31666840,45.43176680
12.32447560,45.43412110
12.32221730,45.43202390
12.32544160,45.43345180
12.32472210,45.43416000
12.32396520,45.43598640
12.32781500,45.43610220
12.32737240,45.43604940
12.32486100,45.43653450
12.32164490,45.43785950
12.32649940,45.44126430
12.32627770,45.44146700
12.32584400,45.43983810
12.32570650,45.44004160
12.32422920,45.44055060
12.32591830,45.43908280
12.32666940,45.43962800
12.32752100,45.43725390
12.33310140,45.43744850
12.33136880,45.43738660
12.33282920,45.43834020
12.34992610,45.43415640
12.35007220,45.43484480
12.34676180,45.43365320
12.32744320,45.43843280
12.32815100,45.43843550
12.32855410,45.43949260
12.32869650,45.43795970
12.33356060,45.43938520
12.33154690,45.43964540
12.33083630,45.44149150
12.33441480,45.43973060
12.33297040,45.43869490
12.33046550,45.43971010
12.33049310,45.43549630
12.33402220,45.43379470
12.33575660,45.43309630
12.34167800,45.43367740
12.34491180,45.43389250
12.34756780,45.43818600
12.33482770,45.43942060
12.32753970,45.43096160
12.33275380,45.42973170
12.33093100,45.42978260
12.34230790,45.43854110
12.34303550,45.43850410
12.31520140,45.42614890
12.33242840,45.44619030
12.33506040,45.44375510
12.33205380,45.44312730
12.33209750,45.44554660
12.33343450,45.44423790
12.33484650,45.43837060
12.32830870,45.43280450
12.33562900,45.43885200
12.33673770,45.43470750
12.33317480,45.43377020
12.33259190,45.43327670
12.33522490,45.43583460
12.33553850,45.43543270
12.33541280,45.43297060
12.33435660,45.43216260
12.33550070,45.43243160
12.33626700,45.43369830
12.33241840,45.43264540
12.33034460,45.43241230
12.32947670,45.43420950
12.32911740,45.43365450
12.33411380,45.43573880
12.33340560,45.43462360
12.33799370,45.43486150
12.33844780,45.43591960
12.33729470,45.43551360
12.33734810,45.43451890
12.33906400,45.43586140
12.33954450,45.43552240
12.33942240,45.43570340
12.34675920,45.43797100
12.34510740,45.43582720
12.35700530,45.43240450
12.33592590,45.43803910
12.33159910,45.43307780
12.33171950,45.42858730
12.32661790,45.42956120
12.33923590,45.43347960
12.32814100,45.44379620
12.35039010,45.43462150
12.32329850,45.43310720
12.32941350,45.42586330
12.31444070,45.42699500
12.30935250,45.42690260
12.33413870,45.43490910
12.32952590,45.43797440
12.32380310,45.43859580
12.33507370,45.43495100
12.34954800,45.43775370
12.35657240,45.43334610
12.35775990,45.43417170
12.32594790,45.43643700
12.33112260,45.43868110
12.33346630,45.42426100
12.36136700,45.42739800
12.33457580,45.43959430
12.34170730,45.42782200
12.32551990,45.44809740
12.32408630,45.44610330
12.32520360,45.44751490
12.32322920,45.44541110
12.32926520,45.44850250
12.32767390,45.44797720
12.32745800,45.44770880
12.33011790,45.44386760
12.32931180,45.44391420
12.32092990,45.44460590
12.32912870,45.44383330
12.31890750,45.44580700
12.31890120,45.44562790
12.31793930,45.44438080
12.31807310,45.44531670
12.31875000,45.44595780
12.31795410,45.44585740
12.33904620,45.43403660
12.34405940,45.43809040
12.34440980,45.43586840
12.32040760,45.43565210
12.32064310,45.43522010
12.33130590,45.44465320
12.36410430,45.43049020
12.33813060,45.43245970
12.34554130,45.43725650
12.36401620,45.42776890
12.33087800,45.44672780
12.32840280,45.44664520
12.32715230,45.43037400
12.35451520,45.43234490
12.32812150,45.44479950
12.32683250,45.44423840
12.32389490,45.44701070
12.31504130,45.43120190
12.33774200,45.43737250
12.33708830,45.43840540
12.36514780,45.42716480
12.33035930,45.43068270
12.33052600,45.43089690
12.32920020,45.43112260
12.32886340,45.43105500
12.32255890,45.43688640
12.32143620,45.44341390
12.32789800,45.44364600
12.32984460,45.44438720
12.32912690,45.44368290
12.32693090,45.44274050
12.32969930,45.44307910
12.32985880,45.44296730
12.32899550,45.44289120
12.33059750,45.44272980
12.33401980,45.43620050
12.33517940,45.43693760
12.32843260,45.43588250
12.34593940,45.43621390
12.34637070,45.43643680
12.34629640,45.43889860
12.33830370,45.44311640
12.33123570,45.42542280
12.32693130,45.44515930
12.33018110,45.44541420
12.32656120,45.44639350
12.32885170,45.44732150
12.33180510,45.44577660
12.33210410,45.44596180
12.32970580,45.44637220
12.33043230,45.44740880
12.33369750,45.44495110
12.32840290,45.44718710
12.33203620,45.44393760
12.34002300,45.44054740
12.34003490,45.44115550
12.33933880,45.44025790
12.34080780,45.44056470
12.33942370,45.43965260
12.33916270,45.43932250
12.33823640,45.43870110
12.33823540,45.43859630
12.34051860,45.43860850
12.33905860,45.43937590
12.33733180,45.43925550
12.34166970,45.44026730
12.34893440,45.43709950
12.34597480,45.43888660
12.34326480,45.43782890
12.34822880,45.43738900
12.34935270,45.43484590
12.34977730,45.43373360
12.34800530,45.43542250
12.34838220,45.43659710
12.34833880,45.43406470
12.34047480,45.43820670
12.34090580,45.43659570
12.33821350,45.43825070
12.34041980,45.43729390
12.34023570,45.43682180
12.33894300,45.43810270
12.34102200,45.43682520
12.34055460,45.43794970
12.34740070,45.43633910
12.34809280,45.43724560
12.34765230,45.43741500
12.34287030,45.43685670
12.34162230,45.43690430
12.34163500,45.43625940
12.34204990,45.43619320
12.34246260,45.43512190
12.34133240,45.43564740
12.34135810,45.43509110
12.35009850,45.43395260
12.34954320,45.43311010
12.35312490,45.43257990
12.35683580,45.43405470
12.35327470,45.43225090
12.35695140,45.43396740
12.34601480,45.43588020
12.32513990,45.44348650
12.32007900,45.44518470
12.31929400,45.44384900
12.32577480,45.44492550
12.32853070,45.44484470
12.32871950,45.44459750
12.32711120,45.44379490
12.33775210,45.44250810
12.33737120,45.44272490
12.33859490,45.44227350
12.33753040,45.44304560
12.33573910,45.44353180
12.33586050,45.44216080
12.32214630,45.44034880
12.33772940,45.44374180
12.33756690,45.44430580
12.32092730,45.43690250
12.32231240,45.43612560
12.32404430,45.44083000
12.32360040,45.44114700
12.32557510,45.44163500
12.32744440,45.42945120
12.32731170,45.44057630
12.33186610,45.44085090
12.33035110,45.43870700
12.32621750,45.44319470
12.32748930,45.44350390
12.33688430,45.43425830
12.33302620,45.43691210
12.32142430,45.43765030
12.34653000,45.43558040
12.33849600,45.43566440
12.33422710,45.44073590
12.33773490,45.43552290
12.32451790,45.43189650
12.35416650,45.43261190
12.33686980,45.43455580
12.34158150,45.43566980
12.32364330,45.42686810
12.33893660,45.43473780
12.33035520,45.44004190
12.31926660,45.44673750
12.32800180,45.44203870
12.33990940,45.43334940
12.33965620,45.43328460
12.33293240,45.44383050
12.34290680,45.43582150
12.34159530,45.43427170
12.34557460,45.43473380
12.34464110,45.43512360
12.34550070,45.43514170
12.34410250,45.43788650
12.34337600,45.43610430
12.34555720,45.43593530
12.34443500,45.43813160
12.34392390,45.43617490
12.34517480,45.43817960
12.33825740,45.43596200
12.33773020,45.43447240
12.33757620,45.43608710
12.33782370,45.43551950
12.33821450,45.43298520
12.33829230,45.43503470
12.32172130,45.43325770
12.34617640,45.43827610
12.34606900,45.43785600
12.34632490,45.43891350
12.34603560,45.43753740
12.33630730,45.43464670
12.33651500,45.43532160
12.33486930,45.43397740
12.33615060,45.43642130
12.33523890,45.43474040
12.33456280,45.43289420
12.33427780,45.43340310
12.33366810,45.43294920
12.33474530,45.43334390
12.33525560,45.43358110
12.33221200,45.43810260
12.33359100,45.43535030
12.33468840,45.43477370
12.33248890,45.43354350
12.33349260,45.43245090
12.33266560,45.43350050
12.33278260,45.43357740
12.33257130,45.43239580
12.33299170,45.43187610
12.33290240,45.43242740
12.31589820,45.43845990
12.32502690,45.43394760
12.32871180,45.43688960
12.32977390,45.43662750
12.32960030,45.43642620
12.32689900,45.43653810
12.32650950,45.43863630
12.32503870,45.43538370
12.32650230,45.43500240
12.32881180,45.44609190
12.33072100,45.44527130
12.32364820,45.43575670
12.32339010,45.43574860
12.33113060,45.43874720
12.34829810,45.43535230
12.34854170,45.43532740
12.34877600,45.43540490
12.34859740,45.43524270
12.34844660,45.43579800
12.33509540,45.43911830
12.33291200,45.42949420
12.33060850,45.42940450
12.32424560,45.43627450
12.33219670,45.43252820
12.32865950,45.43721160
12.32834550,45.43797490
12.32520210,45.43898550
12.33258280,45.43707900
12.32980660,45.43636230
12.32951440,45.43868640
12.31715190,45.44486000
12.31765030,45.44458510
12.33095560,45.44037750
12.34058340,45.43580640
12.34234230,45.43656670
12.33012830,45.43951870
12.33027160,45.44031070
12.33221300,45.43836340
12.32061860,45.44739790
12.32574330,45.43638900
12.32020960,45.43521080
12.31936720,45.43385070
12.32218880,45.43843400
12.34334440,45.43389600
12.34138920,45.43918970
12.32555910,45.44366430
12.31876340,45.43809740
12.34699440,45.43658250
12.32805120,45.44039400
12.32763550,45.43620890
12.35271200,45.43148680
12.35566210,45.42944030
12.31723860,45.43542610
12.33208630,45.44346380
12.34932200,45.43809740
12.34984160,45.43257480
12.35003560,45.43228210
12.31364840,45.42589090
12.32506290,45.42489390
12.32368430,45.42700010
12.34531020,45.42783490
12.33042330,45.43326620
12.32998870,45.43660520
12.33114610,45.43685820
12.30446260,45.43888940
12.32136580,45.43882000
12.32390310,45.43922880
12.32461500,45.43960320
12.33316900,45.43562760
12.32860500,45.43423760
12.33143820,45.43470340
12.32412150,45.42598050
12.36195280,45.43138160
12.34077540,45.43716790
12.33284140,45.44537400
12.33206640,45.44695000
12.32643330,45.44628940
12.32307740,45.43864820
12.35133420,45.43233160
12.32769990,45.43787670
12.34380940,45.42948110
